NA	NA	NA	NA
0.25	0.25	0.25	0.25
0.2857142857142857	0.21428571428571427	0.21428571428571427	0.21428571428571427
0.42857142857142855	0.25	0.	0.21428571428571427
0.2857142857142857	0.4642857142857143	0.17857142857142858	0.07142857142857142
0.21428571428571427	0.6428571428571429	0.	0.10714285714285714
0.03571428571428571	0.75	0.10714285714285714	0.10714285714285714
0.5357142857142857	0.10714285714285714	0.03571428571428571	0.25
0.4642857142857143	0.10714285714285714	0.	0.35714285714285715
0.10714285714285714	0.2857142857142857	0.5	0.03571428571428571
0.5	0.17857142857142858	0.07142857142857142	0.10714285714285714
0.39285714285714285	0.21428571428571427	0.10714285714285714	0.17857142857142858
0.5	0.39285714285714285	0.03571428571428571	0.