0.5	0.17857142857142858	0.07142857142857142	0.10714285714285714
0.39285714285714285	0.21428571428571427	0.10714285714285714	0.17857142857142858
0.5	0.39285714285714285	0.03571428571428571	0.
0.32142857142857145	0.39285714285714285	0.07142857142857142	0.14285714285714285
0.2857142857142857	0.32142857142857145	0.32142857142857145	0.03571428571428571
0.07142857142857142	0.14285714285714285	0.07142857142857142	0.6785714285714286
0.17857142857142858	0.7857142857142857	0.	0.
0.	0.	0.	1.
0.07142857142857142	0.07142857142857142	0.7142857142857143	0.10714285714285714
0.17857142857142858	0.21428571428571427	0.39285714285714285	0.14285714285714285
0.4642857142857143	0.17857142857142858	0.07142857142857142	0.21428571428571427
0.07142857142857142	0.7857142857142857	0.10714285714285714	0.03571428571428571
0.25	0.25	0.25	0.25