NA	NA	NA	NA
0.2	0.2	0.34285714285714286	0.2571428571428571
0.5166666666666667	0.11666666666666667	0.16666666666666666	0.2
0.6721311475409836	0.08196721311475409	0.04918032786885246	0.19672131147540983
0.09836065573770492	0.03278688524590164	0.8032786885245902	0.06557377049180328
0.11475409836065574	0.01639344262295082	0.8360655737704918	0.03278688524590164
0.	0.	0.	1.
0.	0.	0.	1.
1.	0.	0.	0.
0.9180327868852459	0.08196721311475409	0.	0.
0.14754098360655737	0.01639344262295082	0.06557377049180328	0.7704918032786885
0.03278688524590164	0.7213114754098361	0.16393442622950818	0.08196721311475409
0.32786885245901637	0.18032786885245902	0.18032786885245902	0.29508196721311475