0.07142857142857142	0.9285714285714286	0.	0.
1.	0.	0.	0.
1.	0.	0.	0.
0.	1.	0.	0.
0.14285714285714285	0.6428571428571429	0.14285714285714285	0.07142857142857142
0.	0.2857142857142857	0.14285714285714285	0.5714285714285714
0.7142857142857143	0.	0.	0.2857142857142857
0.8571428571428571	0.	0.07142857142857142	0.07142857142857142
0.	1.	0.	0.
0.	0.9285714285714286	0.07142857142857142	0.
0.5714285714285714	0.2857142857142857	0.07142857142857142	0.07142857142857142
0.14285714285714285	0.14285714285714285	0.21428571428571427	0.5
NA	NA	NA	NA