0.06666666666666667	0.9333333333333333	0.	0.
0.9666666666666667	0.03333333333333333	0.	0.
0.8	0.1	0.06666666666666667	0.03333333333333333
0.06666666666666667	0.9333333333333333	0.	0.
0.3333333333333333	0.23333333333333334	0.16666666666666666	0.26666666666666666
0.6	0.36666666666666664	0.	0.03333333333333333
0.1	0.8333333333333334	0.03333333333333333	0.03333333333333333
0.03333333333333333	0.7666666666666667	0.2	0.
0.5333333333333333	0.23333333333333334	0.03333333333333333	0.2
0.36666666666666664	0.16666666666666666	0.36666666666666664	0.1
0.23333333333333334	0.16666666666666666	0.6	0.
0.4482758620689655	0.10344827586206896	0.3103448275862069	0.13793103448275862
0.25	0.25	0.25	0.25