NA	NA	NA	NA
0.15789473684210525	0.15789473684210525	0.3684210526315789	0.3157894736842105
0.15789473684210525	0.15789473684210525	0.5789473684210527	0.10526315789473684
0.15	0.45	0.1	0.3
0.14285714285714285	0.09523809523809523	0.5714285714285714	0.19047619047619047
0.2857142857142857	0.047619047619047616	0.42857142857142855	0.23809523809523808
0.	0.	0.	1.
0.	0.	0.	1.
1.	0.	0.	0.
0.8571428571428571	0.14285714285714285	0.	0.
0.09523809523809523	0.19047619047619047	0.	0.7142857142857143
0.	0.5714285714285714	0.2857142857142857	0.14285714285714285
0.047619047619047616	0.23809523809523808	0.3333333333333333	0.38095238095238093