NA	NA	NA	NA
NA	NA	NA	NA
NA	NA	NA	NA
NA	NA	NA	NA
0.14285714285714285	0.07142857142857142	0.7142857142857143	0.07142857142857142
0.5714285714285714	0.07142857142857142	0.07142857142857142	0.2857142857142857
0.07142857142857142	0.8571428571428571	0.07142857142857142	0.
0.	0.07142857142857142	0.	0.9285714285714286
0.	0.9285714285714286	0.07142857142857142	0.
0.35714285714285715	0.2857142857142857	0.21428571428571427	0.14285714285714285
0.5	0.21428571428571427	0.14285714285714285	0.14285714285714285
0.5	0.42857142857142855	0.07142857142857142	0.
0.42857142857142855	0.2857142857142857	0.21428571428571427	0.07142857142857142