0.25	0.25	0.25	0.25
0.7142857142857143	0.14285714285714285	0.07142857142857142	0.07142857142857142
0.2857142857142857	0.35714285714285715	0.07142857142857142	0.2857142857142857
0.14285714285714285	0.42857142857142855	0.2857142857142857	0.14285714285714285
0.07142857142857142	0.7142857142857143	0.21428571428571427	0.
0.7857142857142857	0.07142857142857142	0.	0.14285714285714285
0.	0.	1.	0.
1.	0.	0.	0.
0.	1.	0.	0.
0.	0.	1.	0.
0.8571428571428571	0.	0.07142857142857142	0.07142857142857142
NA	NA	NA	NA
NA	NA	NA	NA