0.25	0.25	0.25	0.25
0.20689655172413793	0.5172413793103449	0.16091954022988506	0.11494252873563218
0.26436781609195403	0.3793103448275862	0.3103448275862069	0.04597701149425287
0.27586206896551724	0.5517241379310345	0.10344827586206896	0.06896551724137931
0.05747126436781609	0.8045977011494253	0.11494252873563218	0.022988505747126436
0.011494252873563218	0.8160919540229885	0.08045977011494253	0.09195402298850575
0.04597701149425287	0.26436781609195403	0.6896551724137931	0.
0.034482758620689655	0.	0.022988505747126436	0.9425287356321839
0.7471264367816092	0.13793103448275862	0.022988505747126436	0.09195402298850575
0.022988505747126436	0.	0.9655172413793104	0.011494252873563218
0.9080459770114943	0.05747126436781609	0.011494252873563218	0.022988505747126436
0.6781609195402298	0.21839080459770116	0.04597701149425287	0.05747126436781609
0.6206896551724138	0.25287356321839083	0.05747126436781609	0.06896551724137931