0.25	0.25	0.25	0.25
0.25	0.25	0.25	0.25
0.45714285714285713	0.4095238095238095	0.023809523809523808	0.10952380952380952
0.3523809523809524	0.41904761904761906	0.08571428571428572	0.14285714285714285
0.14761904761904762	0.6523809523809524	0.12857142857142856	0.07142857142857142
0.1	0.1619047619047619	0.023809523809523808	0.7142857142857143
0.	0.001996007984031936	0.998003992015968	0.
0.08571428571428572	0.11904761904761904	0.004761904761904762	0.7904761904761904
0.7904761904761904	0.047619047619047616	0.09523809523809523	0.06666666666666667
0.23333333333333334	0.43333333333333335	0.1761904761904762	0.15714285714285714
NA	NA	NA	NA
NA	NA	NA	NA
NA	NA	NA	NA