0.25	0.25	0.25	0.25
0.10526315789473684	0.7368421052631579	0.10526315789473684	0.05263157894736842
0.2631578947368421	0.5789473684210527	0.10526315789473684	0.05263157894736842
1.	0.	0.	0.
0.10526315789473684	0.	0.	0.8947368421052632
0.	0.05263157894736842	0.15789473684210525	0.7894736842105263
0.15789473684210525	0.3157894736842105	0.21052631578947367	0.3157894736842105
0.3157894736842105	0.5263157894736842	0.15789473684210525	0.
0.8947368421052632	0.10526315789473684	0.	0.
0.	0.	0.	1.
0.05263157894736842	0.	0.5789473684210527	0.3684210526315789
0.05263157894736842	0.	0.8947368421052632	0.05263157894736842
0.05263157894736842	0.9473684210526315	0.	0.