NA	NA	NA	NA
0.25	0.25	0.25	0.25
0.39473684210526316	0.2631578947368421	0.18421052631578946	0.15789473684210525
0.4883720930232558	0.23255813953488372	0.20930232558139536	0.06976744186046512
0.2127659574468085	0.3829787234042553	0.19148936170212766	0.2127659574468085
0.1702127659574468	0.3404255319148936	0.2978723404255319	0.19148936170212766
0.06382978723404255	0.8085106382978723	0.0425531914893617	0.0851063829787234
0.0425531914893617	0.9361702127659575	0.	0.02127659574468085
0.06382978723404255	0.2978723404255319	0.6170212765957447	0.02127659574468085
0.851063829787234	0.02127659574468085	0.10638297872340426	0.02127659574468085
0.06382978723404255	0.10638297872340426	0.8297872340425532	0.
0.02127659574468085	0.0425531914893617	0.	0.9361702127659575
0.021739130434782608	0.043478260869565216	0.782608695652174	0.15217391304347827