NA	NA	NA	NA
NA	NA	NA	NA
NA	NA	NA	NA
NA	NA	NA	NA
0.25	0.25	0.25	0.25
0.25	0.25	0.25	0.25
0.32142857142857145	0.14285714285714285	0.10714285714285714	0.42857142857142855
0.1875	0.4375	0.125	0.25
0.09302325581395349	0.3023255813953488	0.20930232558139536	0.3953488372093023
0.5434782608695652	0.021739130434782608	0.43478260869565216	0.
0.8043478260869565	0.043478260869565216	0.06521739130434782	0.08695652173913043
0.14893617021276595	0.2978723404255319	0.3191489361702128	0.23404255319148937
0.	0.851063829787234	0.1276595744680851	0.02127659574468085